         1          1          0
         1          1          6
         1          1          7
         1          1          8
         1          1          9
         2          2          4
         2          2          5
         2          2          6
         2          2          8
         3          3          0
         3          3          7
         4          4          4
         4          4          6
         4          4          7
         4          4          8
         5          5          0
         5          5          5
         5          5          7
         5          5          8
         5          5          9
         6          6          0
         6          6          7
         6          6          8
         7          7          0
         7          7          3
         7          7          4
         7          7          5
         7          7          8
         8          8          3
         8          8          4
         8          8          5
         8          8          8
         8          8          9
         9          9          3
         9          9          5
         9          9          8
        10         10          3
        10         10          5
        10         10          6
        10         10          7
        10         10          8
        11         11          0
        11         11          2
        11         11          3
        11         11          5
        11         11          7
        11         11          8
        11         11          9
        12         12          0
        12         12          3
        12         12          4
        12         12          5
        12         12          6
        12         12          8
        13         13          0
        13         13          5
        13         13          6
        13         13          9
        14         14          0
        14         14          7
        14         14          8
        15         15          0
        15         15          3
        15         15          7
        15         15          8
        15         15          9
        16         16          5
        16         16          7
        16         16          8
        16         16          9
        17         17          3
        17         17          6
        17         17          9
        18         18          0
        18         18          3
        18         18          8
        19         19          3
        19         19          4
        20         20          5
        20         20          8
        21         21          3
        21         21          8
        21         21          9
        22         22          3
        22         22          5
        22         22          9
        23         23          3
        23         23          6
        23         23          8
        24         24          0
        24         24          3
        24         24          8
        25         25          3
        25         25          8
        25         25          9
        26         26          3
        27         27          7
        27         27          8
        28         28          0
        28         28          3
        28         28          8
        28         28          9
        29         29          3
        29         29          5
        29         29          7
        29         29          8
        30         30          0
        30         30          3
        30         30          8
        31         31          3
        31         31          7
        31         31          8
        31         31          9
        32         32          5
        32         32          8
        33         33          0
        33         33          5
        33         33          7
        33         33          8
        34         34          0
        34         34          3
        34         34          5
        34         34          6
        34         34          7
        34         34          9
        35         35          4
        35         35          8
        36         36          0
        36         36          1
        36         36          3
        36         36          6
        36         36          8
        36         36          9
        37         37          3
        37         37          5
        37         37          9
        38         38          6
        38         38          8
        38         38          9
        39         39          0
        39         39          3
        39         39          8
        39         39          9
        40         40          8
        41         41          8
        41         41          9
        42         42          3
        42         42          6
        42         42          7
        42         42          9
        43         43          0
        43         43          3
        43         43          5
        44         44          0
        44         44          3
        44         44          6
        45         45          3
        45         45          6
        45         45          8
        45         45          9
        46         46          3
        46         46          5
        46         46          6
        46         46          8
        46         46          9
        47         47          5
        47         47          6
        47         47          8
        47         47          9
        48         48          3
        48         48          4
        48         48          7
        48         48          9
        49         49          0
        49         49          4
        49         49          7
        49         49          8
        49         49          9
        50         50          3
        50         50          5
        50         50          7
        50         50          8
        51         51          0
        51         51          4
        51         51          5
        51         51          7
        51         51          8
        52         52          6
        52         52          8
        52         52          9
        53         53          0
        53         53          7
        53         53          8
        54         54          0
        54         54          3
        54         54          7
        54         54          8
        54         54          9
        55         55          0
        55         55          3
        55         55          4
        55         55          5
        55         55          7
        55         55          8
        55         55          9
        56         56          0
        56         56          3
        56         56          5
        56         56          8
        56         56          9
        57         57          3
        58         58          0
        58         58          4
        59         59          3
        59         59          4
        59         59          9
        60         60          5
        60         60          8
        61         61          0
        61         61          3
        61         61          7
        62         62          3
        62         62          5
        63         63          0
        63         63          3
        63         63          6
        63         63          7
        63         63          8
        64         64          0
        64         64          3
        64         64          5
        64         64          9
        65         65          0
        65         65          4
        66         66          4
        66         66          8
        67         67          0
        67         67          3
        67         67          9
        68         68          3
        68         68          9
        69         69          6
        69         69          8
        69         69          9
        70         70          3
        70         70          7
        71         71          6
        71         71          8
        71         71          9
        72         72          3
        72         72          7
        72         72          8
        72         72          9
        73         73          3
        73         73          7
        73         73          8
        73         73          9
        74         74          3
        74         74          8
        74         74          9
        75         75          0
        75         75          3
        75         75          5
        75         75          7
        75         75          8
        76         76          6
        76         76          7
        76         76          9
        77         77          0
        77         77          3
        78         78          3
        78         78          5
        78         78          8
        79         79          3
        79         79          6
        79         79          9
        80         80          3
        80         80          8
        80         80          9
        81         81          3
        81         81          4
        81         81          8
        82         82          3
        82         82          5
        82         82          8
        82         82          9
        83         83          7
        84         84          3
        84         84          4
        84         84          8
        84         84          9
        85         85          5
        85         85          8
        86         86          4
        86         86          7
        86         86          8
        86         86          9
        87         87          0
        87         87          9
        88         88          3
        88         88          6
        88         88          8
        88         88          9
        89         89          3
        89         89          7
        89         89          8
        89         89          9
        90         90          3
        90         90          5
        90         90          8
        91         91          3
        91         91          4
        91         91          6
        91         91          8
        92         92          6
        92         92          7
        92         92          8
        93         93          0
        93         93          6
        94         94          4
        94         94          8
        95         95          0
        95         95          5
        95         95          8
        95         95          9
        96         96          4
        96         96          7
        96         96          8
        96         96          9
        97         97          3
        97         97          4
        97         97          8
        98         98          7
        98         98          9
        99         99          3
        99         99          5
        99         99          8
       100        100          3
       100        100          4
       100        100          9
       101        101          0
       101        101          1
       101        101          5
       101        101          6
       102        102          4
       102        102          5
       102        102          6
       102        102          8
       102        102          9
       103        103          0
       103        103          9
       104        104          3
       104        104          5
       104        104          6
       104        104          8
       104        104          9
       105        105          4
       105        105          7
       105        105          8
       106        106          3
       106        106          4
       106        106          8
       106        106          9
       107        107          0
       107        107          6
       107        107          7
       107        107          8
       108        108          3
       108        108          5
       108        108          7
       108        108          8
       108        108          9
       109        109          0
       109        109          3
       109        109          5
       109        109          7
       109        109          8
       109        109          9
       110        110          3
       110        110          4
       110        110          6
       110        110          8
       110        110          9
       111        111          0
       111        111          3
       111        111          4
       111        111          5
       111        111          7
       111        111          8
       112        112          0
       112        112          3
       112        112          5
       112        112          8
       112        112          9
       113        113          3
       113        113          4
       113        113          6
       113        113          7
       113        113          8
       113        113          9
       114        114          5
       114        114          8
       115        115          0
       115        115          9
       116        116          0
       116        116          3
       116        116          7
       116        116          8
       116        116          9
       117        117          3
       117        117          4
       117        117          6
       118        118          0
       118        118          3
       118        118          7
       118        118          8
       118        118          9
       119        119          3
       119        119          8
       119        119          9
       120        120          0
       120        120          8
       120        120          9
       121        121          1
       121        121          3
       121        121          7
       121        121          8
       122        122          0
       122        122          3
       122        122          6
       122        122          8
       122        122          9
       123        123          1
       123        123          3
       123        123          4
       123        123          5
       123        123          8
       124        124          0
       124        124          3
       124        124          6
       124        124          7
       125        125          6
       125        125          8
       125        125          9
       126        126          3
       126        126          5
       126        126          8
       126        126          9
       127        127          0
       127        127          3
       127        127          6
       127        127          8
       128        128          3
       128        128          5
       128        128          8
       128        128          9
       129        129          6
